sport
bc
[6221, 5328, 3108, 11976, 1615, 4938, 12449, 3334, 6929, 11134]

cc
 [6221, 3108, 9126, 11134, 6929, 4065, 10583, 8137, 774, 11976]
dc
[6221, 5328, 3108, 11976, 11134, 3334, 11881, 8137, 13571, 12449]
isc
 [5328, 11976, 5474, 12449, 6221, 11881, 543, 12721, 4588, 5486]
clc
[13853, 13804, 13793, 13792, 13782, 13772, 13761, 13724, 13710, 13695]







clc
[3878, 3874, 3871, 3865, 3856, 3849, 3827, 3781, 3780, 3774]
cc
 [3254, 2008, 2895, 819, 2751, 211, 160, 3837, 2885, 2035]
dc
[3254, 2008, 3525, 1177, 1673, 3156, 3122, 1595, 2659, 1840]
bc
[3254, 2008, 819, 2170, 2751, 2895, 3038, 2682, 211, 2589]
isc
 [510, 258, 217, 188, 156, 138, 124, 104, 101, 95]

0.0
[2972, 3283, 2476, 2406, 1986, 1114, 1634, 2790, 2918, 3026]
0.2
 [2972, 3283, 2476, 2406, 1986, 1114, 1634, 2790, 2918, 3026]
0.4
 [2972, 3283, 2476, 2406, 1986, 1114, 1634, 2790, 2918, 3026]
0.6
 [2972, 3283, 2476, 2406, 1986, 1114, 1634, 2790, 2918, 3026]
0.8
[2935, 2972, 3283, 2476, 2406, 1986, 1114, 1634, 2790, 2918]
1.0
 [2170, 3519, 2524, 412, 655, 2895, 1184, 1177, 3156, 3574]